Mean neighbor counts: [2.1345999999999998, 2.7084000000000001, 3.6841333333333335, 4.7204499999999996, 6.1759199999999996, 7.4470000000000001] 
           Cluster_counts: [29, 37, 52, 74, 74, 92] 
           Build_times: [434.2994329929352, 1447.8746190071106, 2497.1670701503754, 4427.059425115585, 6241.797976970673, 7233.399608135223] 
           Neighb_counts: [673, 1303, 2815, 4557, 6046, 8336]